$ANSIBLE_VAULT;1.1;AES256
35346432326462386430396330306339343766666632323834306263663931613338393762656335
3931323564393434336566663630303062353735356164360a303139653265333237326632396338
63333237653161303664633737363462396239356531386537666663313031383639396331373733
3335303563386334630a643335323939663731366231356137313466643733653634346234306139
39643331633135316164336638386634383865373433353462366263373863363165353333353331
61393361616538663332366561323733643631663365383631323839383166313732633938333934
61633435316334333364643465386636383235643033373665343963386237363864393631386262
31373866373161616164323666313965383138633663623836636333363831613131363333653737
61653863373337353230313233373333613236363631316336396661313035363036626132343165
33363837393561343032616265633438633232386362306662616439613661313765313964353039
63303966393530353532323337336233653238373632393535366165363232343033646464303534
61343333373966316534653062616163636537343839313532636232303736393463656239353338
37653332303236663832313664363338323364356537313734323430343832366531623733613535
39313332366361386137316361623038393831373661646638653261336439396238663630363333
32386633353861356232623365303062313331343134356137316463303465393563396563666430
33613134616234633366346266386139313764343461383534313730396562383531353530643539
65393233636565363366363661306431633734383231666130316633356537623138323433613366
35386561306433366634613935616534663266616338313762616634323232326637346633333138
30353637356331336563633130353737633666636331633537363835313034306539376566323138
63303936653664666330303864333533373863643430313066663165376237636562313462356365
36303433303637346265333839393933316162636137643938623535653035333863623763393766
64646461383766323865376364306232346566353630343466306437363463623932376330303066
64613437326332303464376464383436643537613835613034656463613935333739323433326262
61646638356634636530346133393936616263393739366666356539383466636132386433353839
37373361613338663330663931373330616164316461313033653233353833643634663065386134
61376139323262376332376136373934326539666132393465656536303736366336383735643936
38353135366235356434376132363637343335623565346637393636393937323037613763356632
32373939373864663466663034393061636236653233316162616433616161636530373365366130
36333133393065613130323530346232663362636165326665656536353534303637386239666363
32356638373436383231363936386164666261663066356638373264343261613533323838326664
63343364363533663738326132313332313230653634323734363136366561393639653630313433
37653764383430303335323838343633326233396437633763323165313262366465663963303231
34646133656335333332623866343033346132373432323635303633316331383834396633613465
39316566383962633961643133366265303435626138366438643566643235366262396230623661
66623632376133643737646534306634383261353562633263326166333062613631363262383130
31636163366437633363633832373865663865646532666333363266346662336561393466633339
37363561646139656134326264396162643330663966626663613934343738623738396138363935
62303466386330616566373465623065616638363163386239363037643934373539326532323134
39316633653132363866323663393037323263313466363361373830666438366361663331643365
38656161366237366336373130376432613336663737303565346531653863356462623432346639
31313164653061313566396561323463303564613533373163393334363736366462616532383238
38316631653939373066643163303232633265623464643933616438363231313932333463336562
34636234643539363130373234356264373830313164616538333865343134643433383066376132
31383338316637323137363533663834333538653662356137316666623138303337383935353738
63303231313163313661363566666537353932663031653637623538653737313664363632633136
33613565323665633663666139313732366565613063623161353533363364656330326261383862
63666663363634396234653134343761363135383435383834633533316666323339353864346634
35323736306663376361396564386564323038326666303966343961333131303333613733396531
37303366303064343762623232616435356335383939386362616563646161626635346663383266
38353031656133386539376633303763306635373231363239333932316461343739636336303966
39383436656633666335333130396266366437613135336561326664646130663838313762393864
63653133333937616334363133636666313664353034396239616565353762316530306534333136
65663331643930353866333764613463313033313234336237386530613230613139663133373263
64366633323162326632663531663833343530623263663130646363646562343763663664623435
34373634353331333335613539633536646266393230623936636663613539613833303365333232
65303939373033346230626166366234623835323366653239643938383331656137616532346361
64356663636630343831303139353638646263393231656564646538623338373034313638396132
35376232646632373536623639316534646361316338626461326239303639373932636433386433
35393562376265373762613266333838386230626536636532383463316134376362323039343139
30386437636133636336303833663163626635306162626565343062383866623731366365326139
65383733376565663838643566626532313066333239653235323464353865656638343063326262
38613830303266323839393364356661656465303739306362653366616130623061616665626565
34653762656666643962346539333132323332383462653764356335373537353262316562643539
30373431313239366565643561323435303232333566303161333033363534373536643631306635
30663330383331616462363338353830373733383861303932306466376232653730643431663565
37326539623630303830373766643465316561623561356663666362333235636338633535623238
39666633383933616661386165336364326137303039656539326662656238326261313666326162
39343032333962656431386634653762306162343637646338343261623364356537636432353230
64623135623066666163623232343937376631316130623833343038303130633831646431366163
36643934636161666635363831393834326233363333666262616163303761303663623937346365
31313265306566663162323261386234313937656266663038643332333137613161356537663939
66346138663237643837353639666361353063616333333933643330663634663639383130306436
33373734666331313866346565396431653436363265633239323132636634613939353861633031
66383538353233333131396637653338396666613566386437306135333563396266383032663265
39633961616130353434336663653663653366653231313838323236353637666334306566316436
66363464383063393532376566313163363265323536376236333038633138623238313564313430
30373436623965613061386634373262343038316161376163356361336438626131316332623564
66643566386166646335633266653966363638313063313265663163323734623137306438616162
31656233626335626564346162376637663839643966333437336239633531623563623837613133
37646266346635376336656365363465333163343934323631386366643933636633646466636565
38353666343237333935633733343831363238366432306333663136353662636265323664393932
33666539366662613734616138646634373964366465313731643630343438653930336538336137
35316433323562663630616365336137383734336632393235303366623666653938333865366534
32613235313162623537313336653334656335306230313864643739333062396137353664393635
31323966393861326365393238393038383033313430633636366433333131653938666363376639
34613762346363306465343932653533396566633161316365303362383436303632386336616466
65323237613530653335636232666532643561643939313862326232343533393464656133653962
38333334393666333235643864653339303435663237633238353934356665666630383564336561
66323035323532363866313262393534363131366632306632633431323464666237383532353538
33353965393036616630303832653363336337336663363737663330656561616232383861373432
62613739636230656664346639643933656634636663636136643463633435366134313361346430
37363561333234383434616637643739396562313062633930346563373730663237333639343563
37343639376162616630636465633731316434366237393766623233366435623337643730383134
32613763633962326138653461323962353233343430336466383763363432313665376465306637
39646362663164313230633739653566393333393334376138353065666364326331386236316239
63633730613436313134323433666661653538336261656662653762306532333339383165646639
30316561346536333737656263346233343163666237346330306232623336653432383232343635
63653564313730653035663661303236323964383363343033663338313532623437306137346464
38623136303331366336313065616332326337633739653963386532616638653738343461336239
33306432303731336562386565306437333832383564633937313336643033383433346631663138
65643861353266633537336562366239363634656263623032653162336564363730366331623930
64316163646632396232643663656632306465333636636466376336343863643436393163663930
39393630643264616432303064396332373564323566363364373038323433313565363135323536
61653263323737376431393436366539653431646332356537346537303965653038643232636632
62333864373733313637653637666637306266626266343836333132353963316138396633623335
35633536663562303533323062636235653435623237393839323532303965613663653034373764
61356632393831316234636334613733616535333031336131386332623464376564323830386263
66653932643438376438306132313231666263366461373266326433356666313761353438663037
33346538323435356239656436323161626530646463376566633461643838323063346134393163
33383539656365376130363564363436373464653266363131373563626164383038636131313465
34663164396535316535303665323064386132666430386662643463313333623462306363653965
63643037316661306637366139643736373864396537626432646661386530623135343066663238
30373564613135373535636433613235386433656464383864363336323466323963366336353065
61336337333338393066353638356534316132356166313365363163323361623434323263323734
65383239623830393036613363356532353632653731646333303735646131616439646533653138
31663336396131363931376262313632663833653934383337396231616435666636323834323833
61623666343939316163383430636161666230656165333836316663396235353737396432646431
33633862353562623963613865323164393739633462313939643936663066386639666661623231
36616561336636313630383030323738383830633761653736623861383436633934336462346438
63323938656162663766323635643737396332326439306366333866323738376661353830306664
66343761303738663531346438386534393331323732373661616362326538636361313933376130
64333733356433306438376362303537313465613065656663336165303337326537333639333034
30656135643563396332616437393830636362623264396161636231333932616332383438313533
31343437363666663930303232653635626661373265656332626663646132623837323731316661
31386434623233623132363162336536623535666435303738653834346234346438626166356462
32386630653038653031643761386330656565653434336661313837326135633534383065373961
64386236366335316362323564356665336434313962366233363261353864353931616639643564
33303135353265306264613436626233386536663036333434336438353637323138393363373636
32333165386564616365643531343930353562616363376433663130343765343136663334633931
37393037346461343239623332323331303063316665653732383934663531633962346535656237
65633764633531346466373866323263626166333839653936316233333962643635613661376239
63633162323063346163616437633230303561343266313733636464633735646664313037353434
36613431356261376432623431316262316139303864343962346434343365323230386631303731
3436343233663532663263303832343366303838333736633465
